#Layer_Color=32896
#
#Feature symbol names
#
$0 r3.937

#
#Feature attribute names
#

#
#Layer features
#
L 0 0.5403526 0 0.5600377 0 P 0
L 0 0.5600377 0 0.5797228 0 P 0
L 0 0.5600377 0.0196851 0.5600377 0 P 0
L 0.0049212 -0.5482266 0.0049213 -0.5285415 0 P 0
L 0.0049212 -0.5482266 0.0049213 -0.5679117 0 P 0
L 0.0049212 -0.5482266 0.0246064 -0.5482266 0 P 0
L -0.0147637 -0.5482266 0.0049212 -0.5482266 0 P 0
L -0.019685 -0.4724409 0.0295276 -0.4724409 0 P 0
L -0.019685 -0.4763779 -0.019685 -0.4724409 0 P 0
L -0.019685 -0.625 -0.019685 -0.6200787 0 P 0
L -0.019685 -0.625 0.0295276 -0.625 0 P 0
L -0.0196851 0.5600377 0 0.5600377 0 P 0
L -0.0246063 0.484252 0.0246063 0.484252 0 P 0
L 0.0246063 0.484252 0.0246063 0.488189 0 P 0
L -0.0246063 0.484252 -0.0246063 0.488189 0 P 0
L 0.0246063 0.488189 0.0433071 0.488189 0 P 0
L -0.0246063 0.6318898 -0.0246063 0.6368111 0 P 0
L 0.0246063 0.6318898 0.0246063 0.6368111 0 P 0
L 0.0246063 0.6318898 0.0433071 0.6318898 0 P 0
L -0.0246063 0.6368111 0.0246063 0.6368111 0 P 0
L 0.0295276 -0.4763779 0.0295276 -0.4724409 0 P 0
L 0.0295276 -0.4763779 0.0480315 -0.4763779 0 P 0
L 0.0295276 -0.6200787 0.0482283 -0.6200787 0 P 0
L 0.0295276 -0.625 0.0295276 -0.6200787 0 P 0
L -0.0383857 -0.4763779 -0.019685 -0.4763779 0 P 0
L -0.0383857 -0.5324803 0.0482284 -0.5324803 0 P 0
L -0.0383858 -0.5167322 -0.0383857 -0.4763779 0 P 0
L -0.0383858 -0.5167322 0.0482284 -0.5167322 0 P 0
L -0.0383858 -0.6200787 -0.019685 -0.6200787 0 P 0
L -0.0383858 -0.6200787 -0.0383857 -0.5324803 0 P 0
L -0.0431102 0.488189 -0.0246063 0.488189 0 P 0
L 0.0433071 0.488189 0.0433071 0.5285433 0 P 0
L -0.0433071 0.4883859 -0.0431102 0.488189 0 P 0
L -0.0433071 0.4883859 -0.0433071 0.5285433 0 P 0
L -0.0433071 0.5285433 0.0433071 0.5285433 0 P 0
L -0.0433071 0.5442914 0.0433071 0.5442914 0 P 0
L -0.0433071 0.5442914 -0.0433071 0.6318898 0 P 0
L 0.0433071 0.5442914 0.0433071 0.6318898 0 P 0
L -0.0433071 0.6318898 -0.0246063 0.6318898 0 P 0
L 0.0480315 -0.4763779 0.0482284 -0.4765748 0 P 0
L 0.0482283 -0.6200787 0.0482284 -0.5324803 0 P 0
L 0.0482284 -0.5167322 0.0482284 -0.4765748 0 P 0
L -0.0511811 -0.4527559 0.0610237 -0.4527559 0 P 0
L -0.0511811 -0.4921259 -0.0511811 -0.4527559 0 P 0
L -0.0511811 -0.4921259 0.0610237 -0.4921259 0 P 0
L -0.0511811 -0.5836615 0.0610238 -0.5836614 0 P 0
L -0.0511811 -0.6437007 -0.0511811 -0.5836615 0 P 0
L -0.0511811 -0.6437007 0.0610237 -0.6437007 0 P 0
L -0.0561024 0.464567 0.0561024 0.464567 0 P 0
L -0.0561024 0.464567 -0.0561024 0.503937 0 P 0
L 0.0561024 0.464567 0.0561024 0.503937 0 P 0
L -0.0561024 0.503937 0.0561024 0.503937 0 P 0
L -0.0561024 0.5954725 0.0561024 0.5954725 0 P 0
L -0.0561024 0.5954725 -0.0561024 0.6555118 0 P 0
L 0.0561024 0.5954725 0.0561024 0.6555118 0 P 0
L -0.0561024 0.6555118 0.0561024 0.6555118 0 P 0
L 0.0610237 -0.4921259 0.0610237 -0.4527559 0 P 0
L 0.0610237 -0.6437007 0.0610238 -0.5836614 0 P 0
L 0.2265123 0.4187949 0.2461973 0.4528903 0 P 0
L 0.2265123 0.4187949 0.3236845 0.3626925 0 P 0
L 0.2402919 -0.4365114 0.2599769 -0.4706068 0 P 0
L 0.2402919 -0.4365114 0.3374641 -0.380409 0 P 0
L 0.2461973 0.4528903 0.3433695 0.3967879 0 P 0
L 0.2495028 0.433025 0.2495748 0.4327559 0 P 0
L 0.2495028 0.433025 0.2695816 0.4678024 0 P 0
L 0.2495748 0.4327559 0.2655997 0.423504 0 P 0
L -0.2599768 -0.4706067 -0.2402918 -0.4365113 0 P 0
L -0.2599769 0.4706068 -0.2402919 0.4365114 0 P 0
L 0.2599769 -0.4706068 0.3571491 -0.4145044 0 P 0
L 0.263184 -0.450571 0.2793793 -0.4412206 0 P 0
L 0.263184 -0.450571 0.2833611 -0.4855188 0 P 0
L -0.2633545 -0.4504728 -0.2632824 -0.4507415 0 P 0
L 0.2636312 0.4200945 0.2655997 0.423504 0 P 0
L 0.2636312 0.4200945 0.3062506 0.3954883 0 P 0
L 0.2695816 0.4678024 0.3445916 0.4244952 0 P 0
L 0.2774108 -0.437811 0.2793793 -0.4412206 0 P 0
L 0.2774108 -0.437811 0.3200302 -0.4132047 0 P 0
L 0.2774555 0.4814406 0.3212548 0.5573031 0 P 0
L 0.2774555 0.4814406 0.3524656 0.4381335 0 P 0
L -0.2793793 0.4412205 -0.263184 0.450571 0 P 0
L -0.2793793 0.4412205 -0.2774108 0.437811 0 P 0
L -0.2793793 -0.4412206 -0.2633545 -0.4504728 0 P 0
L -0.2793793 -0.4412206 -0.2774109 -0.437811 0 P 0
L -0.283361 -0.4855189 -0.2632824 -0.4507415 0 P 0
L 0.2833611 -0.4855188 0.3583712 -0.4422117 0 P 0
L -0.2833612 0.4855189 -0.263184 0.450571 0 P 0
L 0.2912352 -0.4991571 0.3350344 -0.5750195 0 P 0
L 0.2912352 -0.4991571 0.3662452 -0.45585 0 P 0
L 0.291965 0.5321624 0.3219847 0.5841579 0 P 0
L 0.291965 0.5321624 0.3891373 0.4760601 0 P 0
L 0.3057446 -0.5498789 0.3357643 -0.6018744 0 P 0
L 0.3057446 -0.5498789 0.4029169 -0.4937766 0 P 0
L 0.3057859 0.4832662 0.3228338 0.4734237 0 P 0
L 0.3062506 0.3954883 0.3082191 0.3988978 0 P 0
L 0.3082191 0.3988978 0.3244144 0.3895473 0 P 0
L 0.3129912 0.4563759 0.3228338 0.4734237 0 P 0
L 0.3195656 -0.5009828 0.3366134 -0.4911402 0 P 0
L -0.3200302 -0.4132047 -0.2774109 -0.437811 0 P 0
L 0.3200302 -0.4132047 0.3219987 -0.4166143 0 P 0
L -0.3200302 0.4132048 -0.2774108 0.437811 0 P 0
L 0.3212548 0.5573031 0.3374501 0.5479526 0 P 0
L 0.3219847 0.5841579 0.4191569 0.5280555 0 P 0
L -0.3219987 0.4166143 -0.3200302 0.4132048 0 P 0
L 0.3219987 -0.4166143 0.3380235 -0.4073623 0 P 0
L -0.3219987 -0.4166145 -0.3200302 -0.4132047 0 P 0
L 0.3228338 0.4734237 0.3326762 0.4904716 0 P 0
L 0.3228338 0.4734237 0.3398815 0.4635812 0 P 0
L 0.3236845 0.3626925 0.3433695 0.3967879 0 P 0
L 0.3244144 0.3895473 0.3445916 0.4244952 0 P 0
L 0.3267708 -0.4740924 0.3366134 -0.4911402 0 P 0
L -0.3350344 -0.5750195 -0.2912352 -0.499157 0 P 0
L 0.3350344 -0.5750195 0.3512297 -0.5656691 0 P 0
L -0.3350344 0.5750196 -0.2912351 0.4991571 0 P 0
L -0.3357643 0.6018744 -0.3057446 0.5498789 0 P 0
L 0.3357643 -0.6018744 0.4329365 -0.545772 0 P 0
L -0.3357643 -0.6018746 -0.3057447 -0.549879 0 P 0
L -0.3366133 0.4911402 -0.3195655 0.5009827 0 P 0
L -0.3366133 0.4911402 -0.3267708 0.4740924 0 P 0
L -0.3366134 -0.4911402 -0.3195655 -0.5009828 0 P 0
L -0.3366134 -0.4911402 -0.3267709 -0.4740924 0 P 0
L 0.3366134 -0.4911402 0.3464559 -0.508188 0 P 0
L 0.3366134 -0.4911402 0.3536611 -0.4812977 0 P 0
L 0.3374501 0.5479526 0.3399108 0.5522146 0 P 0
L -0.3374641 -0.3804089 -0.2402918 -0.4365113 0 P 0
L -0.3374641 0.380409 -0.2402919 0.4365114 0 P 0
L 0.3374641 -0.380409 0.3571491 -0.4145044 0 P 0
L -0.3380235 0.4073623 -0.3219987 0.4166143 0 P 0
L 0.3380235 -0.4073623 0.3382925 -0.4074344 0 P 0
L -0.338194 -0.4072639 -0.3219987 -0.4166145 0 P 0
L -0.3382925 0.4074344 -0.3380235 0.4073623 0 P 0
L 0.3382925 -0.4074344 0.3583712 -0.4422117 0 P 0
L 0.3399108 0.5522146 0.3825301 0.5276083 0 P 0
L -0.3464558 0.5081881 -0.3366133 0.4911402 0 P 0
L -0.346456 -0.508188 -0.3366134 -0.4911402 0 P 0
L -0.3512296 -0.5656689 -0.3350344 -0.5750195 0 P 0
L -0.3512297 0.5656691 -0.3350344 0.5750196 0 P 0
L 0.3512297 -0.5656691 0.3536904 -0.5699311 0 P 0
L 0.3524656 0.4381335 0.3962648 0.5139959 0 P 0
L -0.3536611 0.4812977 -0.3366133 0.4911402 0 P 0
L -0.3536611 -0.4812977 -0.3366134 -0.4911402 0 P 0
L -0.3536903 -0.569931 -0.3512296 -0.5656689 0 P 0
L -0.3536904 0.5699311 -0.3512297 0.5656691 0 P 0
L 0.3536904 -0.5699311 0.3963097 -0.5453248 0 P 0
L -0.3571491 -0.4145043 -0.2599768 -0.4706067 0 P 0
L -0.3571491 -0.4145043 -0.3374641 -0.3804089 0 P 0
L -0.3571491 0.4145044 -0.2599769 0.4706068 0 P 0
L -0.3571491 0.4145044 -0.3374641 0.380409 0 P 0
L -0.3583712 0.4422117 -0.2833612 0.4855189 0 P 0
L -0.3583712 0.4422117 -0.3382925 0.4074344 0 P 0
L -0.3583713 -0.4422117 -0.283361 -0.4855189 0 P 0
L -0.3583713 -0.4422117 -0.338194 -0.4072639 0 P 0
L -0.3662452 0.45585 -0.2912351 0.4991571 0 P 0
L -0.3662452 -0.45585 -0.2912352 -0.499157 0 P 0
L 0.3662452 -0.45585 0.4100444 -0.5317124 0 P 0
L 0.3800695 0.5233464 0.3825301 0.5276083 0 P 0
L 0.3800695 0.5233464 0.3962648 0.5139959 0 P 0
L 0.3891373 0.4760601 0.4191569 0.5280555 0 P 0
L 0.3938491 -0.5410628 0.3963097 -0.5453248 0 P 0
L 0.3938491 -0.5410628 0.4100444 -0.5317124 0 P 0
L -0.3963097 0.5453248 -0.3536904 0.5699311 0 P 0
L -0.3963097 0.5453248 -0.3938491 0.5410629 0 P 0
L -0.3963099 -0.5453246 -0.3536903 -0.569931 0 P 0
L -0.3963099 -0.5453246 -0.3938491 -0.5410628 0 P 0
L -0.4029169 0.4937766 -0.3057446 0.5498789 0 P 0
L -0.4029169 -0.4937766 -0.3057447 -0.549879 0 P 0
L 0.4029169 -0.4937766 0.4329365 -0.545772 0 P 0
L -0.4100444 0.5317124 -0.3662452 0.45585 0 P 0
L -0.4100444 0.5317124 -0.3938491 0.5410629 0 P 0
L -0.4100445 -0.5317124 -0.3662452 -0.45585 0 P 0
L -0.4100445 -0.5317124 -0.3938491 -0.5410628 0 P 0
L -0.4329365 0.545772 -0.3357643 0.6018744 0 P 0
L -0.4329365 0.545772 -0.4029169 0.4937766 0 P 0
L -0.4329366 -0.5457721 -0.3357643 -0.6018746 0 P 0
L -0.4329366 -0.5457721 -0.4029169 -0.4937766 0 P 0
L 0.4345429 0.2616767 0.4686383 0.2813617 0 P 0
L 0.4345429 0.2616767 0.4906453 0.1645045 0 P 0
L 0.4512752 -0.2577397 0.4853706 -0.2774247 0 P 0
L 0.4512752 -0.2577397 0.5073776 -0.1605675 0 P 0
L 0.4586615 -0.0561024 0.4586615 0.0561024 0 P 0
L 0.4586615 0.0561024 0.4980315 0.0561024 0 P 0
L 0.4586615 -0.0561024 0.4980315 -0.0561024 0 P 0
L -0.4596457 -0.0570867 -0.4596457 0.0551181 0 P 0
L 0.4614963 0.2622362 0.4615683 0.2625051 0 P 0
L 0.4614963 0.2622362 0.470748 0.2462113 0 P 0
L 0.4615683 0.2625051 0.4963456 0.2825838 0 P 0
L 0.4673386 0.2442426 0.470748 0.2462113 0 P 0
L 0.4673386 0.2442426 0.4919449 0.2016234 0 P 0
L 0.4686383 0.2813617 0.5247407 0.1841895 0 P 0
L 0.4781301 -0.2584696 0.4874805 -0.2422743 0 P 0
L 0.4781301 -0.2584696 0.5130779 -0.2786468 0 P 0
L -0.4783006 -0.2585681 -0.4782286 -0.258299 0 P 0
L 0.4783465 -0.0246063 0.4783465 0.0246063 0 P 0
L 0.4783465 -0.0246063 0.4822835 -0.0246063 0 P 0
L 0.4783465 0.0246063 0.4822835 0.0246063 0 P 0
L -0.4793307 -0.0255906 -0.4793307 0.023622 0 P 0
L 0.4822835 0.0246063 0.4822835 0.0431102 0 P 0
L 0.4822835 0.0431102 0.4824804 0.0433071 0 P 0
L 0.4822835 -0.0433071 0.4822835 -0.0246063 0 P 0
L 0.4822835 -0.0433071 0.5226378 -0.0433071 0 P 0
L 0.4824804 0.0433071 0.5226378 0.0433071 0 P 0
L -0.4832677 0.023622 -0.4793307 0.023622 0 P 0
L -0.4832677 0.023622 -0.4832677 0.0423228 0 P 0
L -0.4832677 -0.0255906 -0.4793307 -0.0255906 0 P 0
L -0.4832677 -0.0440945 -0.4832677 -0.0255906 0 P 0
L -0.4834646 -0.0442914 -0.4832677 -0.0440945 0 P 0
L 0.4840709 -0.2403058 0.4874805 -0.2422743 0 P 0
L 0.4840709 -0.2403058 0.5086772 -0.1976864 0 P 0
L -0.4853705 -0.2774247 -0.4512751 -0.2577397 0 P 0
L -0.4853706 0.2774247 -0.4512752 0.2577397 0 P 0
L 0.4853706 -0.2774247 0.541473 -0.1802525 0 P 0
L -0.4874803 0.2422743 -0.4781301 0.2584696 0 P 0
L -0.4874803 0.2422743 -0.4840709 0.2403056 0 P 0
L -0.4874807 -0.2422744 -0.4782286 -0.258299 0 P 0
L -0.4874807 -0.2422744 -0.4840709 -0.2403058 0 P 0
L 0.4906453 0.1645045 0.5247407 0.1841895 0 P 0
L 0.4919449 0.2016234 0.4953545 0.2035919 0 P 0
L 0.4953545 0.2035919 0.5047049 0.1873965 0 P 0
L 0.4963456 0.2825838 0.5396527 0.2075737 0 P 0
L 0.4980315 -0.0561024 0.4980315 0.0561024 0 P 0
L -0.4990157 0.0551181 -0.4596457 0.0551181 0 P 0
L -0.4990157 -0.0570867 -0.4596457 -0.0570867 0 P 0
L -0.4990157 -0.0570867 -0.4990157 0.0551181 0 P 0
L 0.5047049 0.1873965 0.5396527 0.2075737 0 P 0
L -0.5073775 -0.1605674 -0.4512751 -0.2577397 0 P 0
L -0.5073776 0.1605675 -0.4512752 0.2577397 0 P 0
L 0.5073776 -0.1605675 0.541473 -0.1802525 0 P 0
L -0.5086772 0.1976864 -0.4840709 0.2403056 0 P 0
L 0.5086772 -0.1976864 0.5120868 -0.1996549 0 P 0
L -0.5086772 -0.1976865 -0.4840709 -0.2403058 0 P 0
L 0.5099838 0.290458 0.5532909 0.2154477 0 P 0
L 0.5099838 0.290458 0.5858463 0.3342571 0 P 0
L -0.5120868 0.1996549 -0.5086772 0.1976864 0 P 0
L -0.5120868 -0.1996549 -0.5086772 -0.1976865 0 P 0
L 0.5120868 -0.1996549 0.5213387 -0.1836301 0 P 0
L -0.5130779 0.2786468 -0.4781301 0.2584696 0 P 0
L -0.5130779 -0.2786468 -0.4783006 -0.2585681 0 P 0
L 0.5130779 -0.2786468 0.556385 -0.2036367 0 P 0
L 0.5213387 -0.1836301 0.5216077 -0.183558 0 P 0
L -0.5213388 0.18363 -0.5120868 0.1996549 0 P 0
L -0.5214372 -0.1834595 -0.5120868 -0.1996549 0 P 0
L -0.5216077 0.183558 -0.5213388 0.18363 0 P 0
L 0.5216077 -0.183558 0.556385 -0.2036367 0 P 0
L 0.5226378 -0.0433071 0.5226378 0.0433071 0 P 0
L -0.523622 0.0423228 -0.4832677 0.0423228 0 P 0
L -0.523622 -0.0442914 -0.4834646 -0.0442914 0 P 0
L -0.523622 -0.0442914 -0.523622 0.0423228 0 P 0
L 0.5267162 -0.2865208 0.5700233 -0.2115108 0 P 0
L 0.5267162 -0.2865208 0.6025786 -0.33032 0 P 0
L 0.5282264 0.2509834 0.5452741 0.260826 0 P 0
L 0.5344471 0 0.5541322 0 0 P 0
L 0.5354315 0.2778737 0.5452741 0.260826 0 P 0
L 0.5383859 -0.0433071 0.5383859 0.0433071 0 P 0
L 0.5383859 0.0433071 0.6259843 0.0433071 0 P 0
L 0.5383859 -0.0433071 0.6259843 -0.0433071 0 P 0
L -0.5393701 -0.0442913 -0.5393701 0.0423228 0 P 0
L -0.541473 -0.1802524 -0.4853705 -0.2774247 0 P 0
L -0.541473 -0.1802524 -0.5073775 -0.1605674 0 P 0
L -0.541473 0.1802525 -0.4853706 0.2774247 0 P 0
L -0.541473 0.1802525 -0.5073776 0.1605675 0 P 0
L 0.5449586 -0.2470464 0.5620064 -0.256889 0 P 0
L 0.5452741 0.260826 0.5551167 0.2437782 0 P 0
L 0.5452741 0.260826 0.562322 0.2706686 0 P 0
L 0.5479103 0.3271295 0.5999059 0.3571491 0 P 0
L 0.5479103 0.3271295 0.6040128 0.2299572 0 P 0
L 0.5521639 -0.2739367 0.5620064 -0.256889 0 P 0
L 0.5532909 0.2154477 0.6291534 0.259247 0 P 0
L 0.5541322 0 0.5541322 0.0196851 0 P 0
L 0.5541322 0 0.5738173 0 0 P 0
L 0.5541322 -0.0196851 0.5541322 0 0 P 0
L -0.5551164 -0.0009843 -0.5354313 -0.0009843 0 P 0
L -0.5551164 -0.0009843 -0.5551164 0.0187008 0 P 0
L -0.5551164 -0.0206693 -0.5551164 -0.0009843 0 P 0
L -0.556385 0.2036367 -0.5130779 0.2786468 0 P 0
L -0.556385 0.2036367 -0.5216077 0.183558 0 P 0
L -0.5563851 -0.2036366 -0.5130779 -0.2786468 0 P 0
L -0.5563851 -0.2036366 -0.5214372 -0.1834595 0 P 0
L -0.5620064 -0.256889 -0.5449586 -0.2470464 0 P 0
L -0.5620064 0.256889 -0.5449587 0.2470465 0 P 0
L -0.5620064 0.256889 -0.5521638 0.2739367 0 P 0
L -0.5620064 -0.256889 -0.5521639 -0.2739367 0 P 0
L 0.5620064 -0.256889 0.571849 -0.2398412 0 P 0
L 0.5620064 -0.256889 0.5790542 -0.2667315 0 P 0
L 0.5646428 -0.3231925 0.6166382 -0.3532121 0 P 0
L 0.5646428 -0.3231925 0.6207451 -0.2260202 0 P 0
L -0.5700232 0.2115107 -0.5267161 0.286521 0 P 0
L -0.5700232 -0.2115108 -0.5267162 -0.2865208 0 P 0
L 0.5700233 -0.2115108 0.6458857 -0.25531 0 P 0
L -0.571849 -0.2398411 -0.5620064 -0.256889 0 P 0
L -0.571849 0.2398412 -0.5620064 0.256889 0 P 0
L -0.5748015 -0.0009843 -0.5551164 -0.0009843 0 P 0
L -0.5790542 -0.2667315 -0.5620064 -0.256889 0 P 0
L -0.5790543 0.2667315 -0.5620064 0.256889 0 P 0
L 0.5858463 0.3342571 0.5951967 0.3180617 0 P 0
L 0.589567 -0.0561024 0.589567 0.0561024 0 P 0
L 0.589567 0.0561024 0.6496063 0.0561024 0 P 0
L 0.589567 -0.0561024 0.6496063 -0.0561024 0 P 0
L -0.5905513 -0.0570867 -0.5905512 0.0551182 0 P 0
L 0.5951967 0.3180617 0.5994587 0.3205223 0 P 0
L 0.5994587 0.3205223 0.624065 0.277903 0 P 0
L 0.5999059 0.3571491 0.6560083 0.2599769 0 P 0
L 0.6025786 -0.33032 0.611929 -0.3141247 0 P 0
L -0.6025786 0.3303201 -0.5267161 0.286521 0 P 0
L -0.6025786 -0.3303201 -0.5267162 -0.2865208 0 P 0
L 0.6040128 0.2299572 0.6560083 0.2599769 0 P 0
L -0.611929 0.3141247 -0.6025786 0.3303201 0 P 0
L -0.611929 -0.3141247 -0.6025786 -0.3303201 0 P 0
L 0.611929 -0.3141247 0.616191 -0.3165853 0 P 0
L -0.6161909 -0.3165854 -0.611929 -0.3141247 0 P 0
L -0.616191 0.3165853 -0.611929 0.3141247 0 P 0
L 0.616191 -0.3165853 0.6407973 -0.273966 0 P 0
L -0.6166382 0.3532121 -0.5646426 0.3231925 0 P 0
L 0.6166382 -0.3532121 0.6727406 -0.2560399 0 P 0
L -0.6166383 -0.3532122 -0.5646428 -0.3231925 0 P 0
L 0.6198032 0.2754423 0.624065 0.277903 0 P 0
L 0.6198032 0.2754423 0.6291534 0.259247 0 P 0
L -0.620745 -0.2260203 -0.5646428 -0.3231925 0 P 0
L -0.6207451 0.2260202 -0.5646426 0.3231925 0 P 0
L 0.6207451 -0.2260202 0.6727406 -0.2560399 0 P 0
L 0.6259843 0.0246063 0.6259843 0.0433071 0 P 0
L 0.6259843 0.0246063 0.6309056 0.0246063 0 P 0
L 0.6259843 -0.0246063 0.6309056 -0.0246063 0 P 0
L 0.6259843 -0.0433071 0.6259843 -0.0246063 0 P 0
L -0.6269685 0.023622 -0.6269685 0.0423227 0 P 0
L -0.6269685 0.0423227 -0.5393701 0.0423228 0 P 0
L -0.6269685 -0.0442914 -0.5393701 -0.0442913 0 P 0
L -0.6269685 -0.0442914 -0.6269685 -0.0255906 0 P 0
L 0.6309056 -0.0246063 0.6309056 0.0246063 0 P 0
L -0.6318898 0.023622 -0.6269685 0.023622 0 P 0
L -0.6318898 -0.0255906 -0.6269685 -0.0255906 0 P 0
L -0.6318898 -0.0255906 -0.6318898 0.023622 0 P 0
L 0.6365353 -0.2715053 0.6407973 -0.273966 0 P 0
L 0.6365353 -0.2715053 0.6458857 -0.25531 0 P 0
L -0.6407972 -0.2739659 -0.6161909 -0.3165854 0 P 0
L -0.6407972 -0.2739659 -0.6365351 -0.2715052 0 P 0
L -0.6407973 0.273966 -0.616191 0.3165853 0 P 0
L -0.6407973 0.273966 -0.6365355 0.2715053 0 P 0
L -0.6458857 0.25531 -0.5700232 0.2115107 0 P 0
L -0.6458857 -0.25531 -0.5700232 -0.2115108 0 P 0
L -0.6458857 -0.25531 -0.6365351 -0.2715052 0 P 0
L -0.6458857 0.25531 -0.6365355 0.2715053 0 P 0
L 0.6496063 -0.0561024 0.6496063 0.0561024 0 P 0
L -0.6505905 0.0551181 -0.5905512 0.0551182 0 P 0
L -0.6505905 -0.0570867 -0.5905513 -0.0570867 0 P 0
L -0.6505905 -0.0570867 -0.6505905 0.0551181 0 P 0
L -0.6727406 0.2560399 -0.6166382 0.3532121 0 P 0
L -0.6727406 0.2560399 -0.6207451 0.2260202 0 P 0
L -0.6727407 -0.2560399 -0.6166383 -0.3532122 0 P 0
L -0.6727407 -0.2560399 -0.620745 -0.2260203 0 P 0
