#Layer_Color=32768
#
#Feature symbol names
#
$0 r7.874
$1 r1.9685

#
#Feature attribute names
#

#
#Layer features
#
L -0.0600394 -0.4399588 0.069882 -0.4399588 1 P 0
L -0.0600395 -0.6564944 -0.0600394 -0.4399588 1 P 0
L -0.0600395 -0.6564944 0.069882 -0.6564943 1 P 0
L -0.0649607 0.4517699 0.0649607 0.4517699 1 P 0
L 0.0649607 0.4517699 0.0649607 0.6683055 1 P 0
L -0.0649607 0.4517699 -0.0649607 0.6683055 1 P 0
L -0.0649607 0.6683055 0.0649607 0.6683055 1 P 0
L 0.069882 -0.6564943 0.069882 -0.4399588 1 P 0
L 0.2124422 0.4121414 0.3207099 0.5996668 1 P 0
L 0.2124422 0.4121414 0.3249575 0.3471807 1 P 0
L 0.2262218 -0.4298579 0.3344896 -0.6173832 1 P 0
L 0.2262218 -0.4298579 0.3387371 -0.3648972 1 P 0
L 0.3207099 0.5996668 0.4332254 0.534706 1 P 0
L 0.3249575 0.3471807 0.4332254 0.534706 1 P 0
L -0.3344895 0.6173833 -0.2262218 0.4298579 1 P 0
L -0.3344895 -0.6173833 -0.2262219 -0.4298579 1 P 0
L 0.3344896 -0.6173832 0.447005 -0.5524225 1 P 0
L -0.3387369 -0.3648973 -0.2262219 -0.4298579 1 P 0
L -0.3387371 0.3648972 -0.2262218 0.4298579 1 P 0
L 0.3387371 -0.3648972 0.447005 -0.5524225 1 P 0
L 0.4190312 0.2629496 0.4839918 0.1504344 1 P 0
L 0.4190312 0.2629496 0.6065565 0.3712175 1 P 0
L 0.4357634 -0.2590127 0.5007241 -0.1464974 1 P 0
L 0.4357634 -0.2590127 0.6232887 -0.3672806 1 P 0
L 0.4458644 -0.0649607 0.4458644 0.0649607 1 P 0
L 0.4458644 -0.0649607 0.6624 -0.0649607 1 P 0
L 0.4458644 0.0649607 0.6624 0.0649607 1 P 0
L -0.4468486 -0.065945 -0.4468486 0.0639764 1 P 0
L -0.4470048 -0.5524225 -0.3344895 -0.6173833 1 P 0
L -0.4470048 -0.5524225 -0.3387369 -0.3648973 1 P 0
L -0.447005 0.5524225 -0.3344895 0.6173833 1 P 0
L -0.447005 0.5524225 -0.3387371 0.3648972 1 P 0
L 0.4839918 0.1504344 0.6715171 0.2587022 1 P 0
L -0.5007241 0.1464974 -0.4357635 0.2590126 1 P 0
L 0.5007241 -0.1464974 0.6882494 -0.2547652 1 P 0
L -0.5007241 -0.1464975 -0.4357635 -0.2590126 1 P 0
L 0.6065565 0.3712175 0.6715171 0.2587022 1 P 0
L -0.6232887 -0.3672804 -0.4357635 -0.2590126 1 P 0
L 0.6232887 -0.3672806 0.6882494 -0.2547652 1 P 0
L -0.6232888 0.3672805 -0.4357635 0.2590126 1 P 0
L 0.6624 -0.0649607 0.6624 0.0649607 1 P 0
L -0.6633841 0.0639764 -0.4468486 0.0639764 1 P 0
L -0.6633842 -0.0659451 -0.4468486 -0.065945 1 P 0
L -0.6633842 -0.0659451 -0.6633841 0.0639764 1 P 0
L 0.6648456 -0.1647641 0.7129281 -0.1074615 0 P 0
L 0.6648456 -0.1647641 0.7673869 -0.2508063 0 P 0
L -0.6882494 0.2547652 -0.5007241 0.1464974 1 P 0
L -0.6882494 0.2547652 -0.6232888 0.3672805 1 P 0
L -0.6882495 -0.2547651 -0.5007241 -0.1464975 1 P 0
L -0.6882495 -0.2547651 -0.6232887 -0.3672804 1 P 0
L 0.6975622 0.313597 0.7290103 0.135246 0 P 0
L 0.6975622 0.313597 0.7867376 0.329321 0 P 0
L 0.7129281 -0.1074615 0.8154695 -0.1935038 0 P 0
L 0.7290103 0.135246 0.8181858 0.15097 0 P 0
L 0.7311098 -0.171542 0.7492052 -0.1867258 0 P 0
L 0.7325657 -0.1881815 0.7477494 -0.1700861 0 P 0
L 0.7462424 0.2302325 0.7695056 0.2343345 0 P 0
L 0.755823 0.2439151 0.759925 0.2206519 0 P 0
L 0.7673869 -0.2508063 0.8154695 -0.1935038 0 P 0
L 0.7867376 0.329321 0.8181858 0.15097 0 P 0
