#Layer_Color=8388736
#
#Feature symbol names
#
$0 r7.874
$1 r3.937

#
#Feature attribute names
#

#
#Layer features
#
L 0.0175758 0.6287963 0.0561024 0.5902697 1 P 0
L 0.0233124 0.6286275 0.0561024 0.5958375 1 P 0
L 0.0290492 0.6284585 0.0346168 0.6284585 1 P 0
L 0.0290492 0.6284585 0.0561024 0.6014053 1 P 0
L -0.0296955 -0.6166474 -0.0241279 -0.6166474 1 P 0
L 0.0346168 0.6284585 0.0561024 0.6069731 1 P 0
L 0.0400302 0.628613 0.045598 0.628613 1 P 0
L 0.0400302 0.628613 0.0561024 0.6125408 1 P 0
L -0.0406767 -0.6168019 -0.0351089 -0.6168019 1 P 0
L 0.045598 0.628613 0.0561024 0.6181086 1 P 0
L 0.0501969 0.6279528 0.0561024 0.6220473 1 P 0
L -0.0511811 -0.4793307 0.0610237 -0.4793307 1 P 0
L -0.0511811 -0.5784586 -0.0126545 -0.6169852 1 P 0
L -0.0511811 -0.5840265 -0.0183911 -0.6168164 1 P 0
L -0.0511811 -0.595162 -0.0296955 -0.6166474 1 P 0
L -0.0511811 -0.6007297 -0.0351089 -0.6168019 1 P 0
L -0.0511811 -0.6062975 -0.0406767 -0.6168019 1 P 0
L -0.0511811 -0.6102362 -0.0452756 -0.6161417 1 P 0
L -0.0511811 -0.6102362 -0.0511811 -0.6062975 1 P 0
L -0.0511811 -0.6171259 -0.0511811 -0.4793307 1 P 0
L -0.0511811 -0.6171259 0.0610237 -0.6171259 1 P 0
L -0.0511812 -0.5895942 -0.0241279 -0.6166474 1 P 0
L -0.0561024 0.4911418 0.0561024 0.4911418 1 P 0
L 0.0561024 0.4911418 0.0561024 0.628937 1 P 0
L -0.0561024 0.4911418 -0.0561024 0.628937 1 P 0
L 0.0561024 0.6181086 0.0561024 0.6220473 1 P 0
L -0.0561024 0.628937 0.0561024 0.628937 1 P 0
L 0.0610237 -0.6171259 0.0610237 -0.4793307 1 P 0
L 0.2397997 0.4418093 0.3086973 0.5611435 1 P 0
L 0.2397997 0.4418093 0.3369719 0.3857069 1 P 0
L 0.2535793 -0.4595258 0.3224769 -0.57886 1 P 0
L 0.2535793 -0.4595258 0.3507515 -0.4034234 1 P 0
L 0.3031432 -0.5453731 0.3557716 -0.5594748 1 P 0
L 0.3059271 -0.550195 0.3507191 -0.5621969 1 P 0
L 0.3086973 0.5611435 0.4058695 0.5050411 1 P 0
L 0.308711 -0.5550168 0.3456664 -0.564919 1 P 0
L 0.3114949 -0.5598387 0.3408447 -0.5677028 1 P 0
L 0.3142788 -0.5646604 0.3362338 -0.5705433 1 P 0
L 0.3170627 -0.5694823 0.319032 -0.5728933 1 P 0
L 0.3170627 -0.5694823 0.331412 -0.5733272 1 P 0
L 0.319032 -0.5728933 0.3270991 -0.5750549 1 P 0
L -0.3190321 0.5728933 -0.3170627 0.5694823 1 P 0
L -0.3224769 0.57886 -0.2535793 0.4595258 1 P 0
L -0.3224769 -0.57886 -0.2535793 -0.4595258 1 P 0
L 0.3224769 -0.57886 0.4196491 -0.5227576 1 P 0
L -0.3270991 0.5750548 -0.3190321 0.5728933 1 P 0
L -0.331412 0.5733272 -0.3170627 0.5694823 1 P 0
L 0.331412 -0.5733272 0.3362338 -0.5705433 1 P 0
L -0.3362338 0.5705432 -0.3142788 0.5646604 1 P 0
L -0.3362338 0.5705432 -0.331412 0.5733272 1 P 0
L 0.3369719 0.3857069 0.4058695 0.5050411 1 P 0
L -0.3408447 0.5677028 -0.3114949 0.5598387 1 P 0
L 0.3408447 -0.5677028 0.3456664 -0.564919 1 P 0
L -0.3456664 0.5649189 -0.3087111 0.5550168 1 P 0
L -0.3456664 0.5649189 -0.3408447 0.5677028 1 P 0
L -0.3507191 0.5621969 -0.3059271 0.550195 1 P 0
L -0.3507515 0.4034234 -0.2535793 0.4595258 1 P 0
L 0.3507515 -0.4034234 0.4196491 -0.5227576 1 P 0
L -0.3507516 -0.4034234 -0.2535793 -0.4595258 1 P 0
L -0.3557716 0.5594748 -0.3031432 0.5453731 1 P 0
L 0.3724341 0.5241825 0.3865359 0.4715542 1 P 0
L 0.3773178 0.521168 0.3893197 0.4763761 1 P 0
L 0.3822015 0.5181533 0.3870232 0.5153695 1 P 0
L 0.3822015 0.5181533 0.3921037 0.4811979 1 P 0
L 0.3870232 0.5153695 0.3948875 0.4860198 1 P 0
L 0.3917886 0.5127966 0.3966106 0.5100127 1 P 0
L 0.3917886 0.5127966 0.3976714 0.4908415 1 P 0
L 0.3966106 0.5100127 0.4004553 0.4956634 1 P 0
L 0.400263 0.5071414 0.4024247 0.4990744 1 P 0
L -0.4003153 -0.4892708 -0.3862137 -0.541899 1 P 0
L 0.4004553 0.4956634 0.4024247 0.4990744 1 P 0
L -0.4008028 -0.533086 -0.3959811 -0.5358698 1 P 0
L -0.4030994 -0.4940927 -0.3910974 -0.5388845 1 P 0
L -0.4058832 -0.4989145 -0.3959811 -0.5358698 1 P 0
L -0.4086671 -0.5037363 -0.4008028 -0.533086 1 P 0
L -0.4103899 -0.5277291 -0.4055681 -0.5305131 1 P 0
L -0.411451 -0.5085579 -0.4055681 -0.5305131 1 P 0
L -0.4142349 -0.5133799 -0.4103899 -0.5277291 1 P 0
L -0.4162043 -0.5167909 -0.4140427 -0.524858 1 P 0
L -0.4162043 -0.5167909 -0.4142349 -0.5133799 1 P 0
L -0.4196491 0.5227576 -0.3224769 0.57886 1 P 0
L -0.4196491 -0.5227576 -0.3224769 -0.57886 1 P 0
L -0.4196491 0.5227576 -0.3507515 0.4034234 1 P 0
L -0.4196491 -0.5227576 -0.3507516 -0.4034234 1 P 0
L 0.4575573 0.2749641 0.5136597 0.1777919 1 P 0
L 0.4575573 0.2749641 0.5768915 0.3438617 1 P 0
L 0.4742896 -0.2710271 0.530392 -0.1738549 1 P 0
L 0.4742896 -0.2710271 0.5936238 -0.3399247 1 P 0
L 0.4852363 -0.0561024 0.4852363 0.0561024 1 P 0
L 0.4852363 -0.0561024 0.6230315 -0.0561024 1 P 0
L 0.4852363 0.0561024 0.6230315 0.0561024 1 P 0
L -0.4862205 -0.0570867 -0.4862205 0.0551181 1 P 0
L 0.5136597 0.1777919 0.6329939 0.2466895 1 P 0
L -0.530392 0.1738549 -0.4742896 0.2710271 1 P 0
L -0.530392 -0.1738549 -0.4742896 -0.2710271 1 P 0
L 0.530392 -0.1738549 0.6497262 -0.2427525 1 P 0
L 0.5601369 -0.3205911 0.6127652 -0.3064893 1 P 0
L 0.5649589 -0.323375 0.6097507 -0.311373 1 P 0
L 0.5697806 -0.3261589 0.606736 -0.3162567 1 P 0
L 0.5746025 -0.3289428 0.6039522 -0.3210784 1 P 0
L 0.5768915 0.3438617 0.6329939 0.2466895 1 P 0
L 0.5794242 -0.3317266 0.6013793 -0.3258438 1 P 0
L 0.5842461 -0.3345105 0.5876571 -0.3364799 1 P 0
L 0.5842461 -0.3345105 0.5985954 -0.3306656 1 P 0
L 0.5843642 -0.0561024 0.6228908 -0.0175758 1 P 0
L -0.5876571 0.3364799 -0.5842461 0.3345105 1 P 0
L 0.5876571 -0.3364799 0.5957242 -0.3343183 1 P 0
L 0.589932 -0.0561024 0.622722 -0.0233124 1 P 0
L -0.5936238 0.3399247 -0.4742896 0.2710271 1 P 0
L -0.5936238 -0.3399247 -0.4742896 -0.2710271 1 P 0
L 0.5936238 -0.3399247 0.6497262 -0.2427525 1 P 0
L 0.5954998 -0.0561024 0.622553 -0.0290492 1 P 0
L -0.5957242 0.3343182 -0.5876571 0.3364799 1 P 0
L -0.5985954 0.3306656 -0.5842461 0.3345105 1 P 0
L 0.5985954 -0.3306656 0.6013793 -0.3258438 1 P 0
L 0.599507 0.2273559 0.6136087 0.2799842 1 P 0
L 0.6010676 -0.0561024 0.622553 -0.0346168 1 P 0
L -0.6013793 0.3258437 -0.5794242 0.3317266 1 P 0
L -0.6013793 0.3258437 -0.5985954 0.3306656 1 P 0
L -0.6039522 0.3210783 -0.5746025 0.3289427 1 P 0
L 0.6039522 -0.3210784 0.606736 -0.3162567 1 P 0
L 0.6043288 0.2301397 0.6163308 0.2749317 1 P 0
L 0.6066353 -0.0561024 0.6227075 -0.0400302 1 P 0
L -0.606736 0.3162567 -0.5697806 0.3261589 1 P 0
L -0.606736 0.3162567 -0.6039522 0.3210783 1 P 0
L 0.6091507 0.2329236 0.6190529 0.269879 1 P 0
L -0.6097507 0.3113728 -0.5649589 0.323375 1 P 0
L 0.6122031 -0.0561024 0.6161418 -0.0561024 1 P 0
L 0.6122031 -0.0561024 0.6227075 -0.045598 1 P 0
L -0.6127652 0.3064893 -0.560137 0.3205911 1 P 0
L 0.6139726 0.2357075 0.6218367 0.2650575 1 P 0
L 0.6161418 -0.0561024 0.6220473 -0.0501969 1 P 0
L -0.617126 0.0551181 -0.6131873 0.0551181 1 P 0
L 0.6187943 0.2384914 0.6246772 0.2604464 1 P 0
L 0.6190529 0.269879 0.6218367 0.2650575 1 P 0
L 0.622553 -0.0346168 0.622553 -0.0290492 1 P 0
L 0.6227075 -0.045598 0.6227075 -0.0400302 1 P 0
L -0.6230315 0.0492126 -0.617126 0.0551181 1 P 0
L 0.6230315 -0.0561024 0.6230315 0.0561024 1 P 0
L -0.6235372 0.0280649 -0.596484 0.0551181 1 P 0
L -0.6235372 0.0280649 -0.6235372 0.0336325 1 P 0
L -0.6235372 0.0336325 -0.6020518 0.0551182 1 P 0
L 0.6236162 0.2412753 0.6270272 0.2432447 1 P 0
L 0.6236162 0.2412753 0.6274611 0.2556246 1 P 0
L -0.6236917 0.0390459 -0.6076195 0.0551181 1 P 0
L -0.6236917 0.0390459 -0.6236917 0.0446137 1 P 0
L -0.6236917 0.0446137 -0.6131873 0.0551181 1 P 0
L -0.6237062 0.0223281 -0.5909162 0.0551182 1 P 0
L -0.623875 0.0165915 -0.5853484 0.0551181 1 P 0
L -0.6240157 0.0551181 -0.4862205 0.0551181 1 P 0
L -0.6240157 -0.0570867 -0.4862205 -0.0570867 1 P 0
L -0.6240157 -0.0570867 -0.6240157 0.0551181 1 P 0
L 0.6246772 0.2604464 0.6274611 0.2556246 1 P 0
L 0.6270272 0.2432447 0.6291888 0.2513117 1 P 0
L -0.630341 -0.2760472 -0.6162393 -0.2234188 1 P 0
L -0.6330631 -0.2709947 -0.6210613 -0.2262028 1 P 0
L -0.6357851 -0.265942 -0.625883 -0.2289867 1 P 0
L -0.638569 -0.2611203 -0.6307049 -0.2317705 1 P 0
L -0.638569 -0.2611203 -0.6357851 -0.265942 1 P 0
L -0.6414095 -0.2565096 -0.6355266 -0.2345544 1 P 0
L -0.6437595 -0.2393076 -0.6403484 -0.2373383 1 P 0
L -0.6441934 -0.2516876 -0.6403484 -0.2373383 1 P 0
L -0.6441934 -0.2516876 -0.6414095 -0.2565096 1 P 0
L -0.6459211 -0.2473747 -0.6437595 -0.2393076 1 P 0
L -0.6497262 0.2427525 -0.530392 0.1738549 1 P 0
L -0.6497262 -0.2427525 -0.530392 -0.1738549 1 P 0
L -0.6497262 0.2427525 -0.5936238 0.3399247 1 P 0
L -0.6497262 -0.2427525 -0.5936238 -0.3399247 1 P 0
L 0.6703921 -0.1642787 0.7134134 -0.113008 0 P 0
L 0.6703921 -0.1642787 0.7669016 -0.2452598 0 P 0
L 0.7134134 -0.113008 0.8099229 -0.1939891 0 P 0
L 0.7159179 0.2888494 0.7377949 0.1647792 0 P 0
L 0.7159179 0.2888494 0.7779531 0.2997878 0 P 0
L 0.7377949 0.1647792 0.7998301 0.1757176 0 P 0
L 0.7669016 -0.2452598 0.8099229 -0.1939891 0 P 0
L 0.7779531 0.2997878 0.7998301 0.1757176 0 P 0
